-2.861307375133037567e-02 0.000000000000000000e+00
1.901454851031303406e-02 -5.326739028532756492e-06
-4.014318808913230896e-03 -2.567597221059259027e-05
-8.886248106136918068e-04 -7.191210170276463032e-05
6.137110758572816849e-04 4.252963699400424957e-04
-1.186065259389579296e-03 -7.023415528237819672e-04
9.835729142650961876e-04 5.166639457456767559e-04
-1.742923777783289552e-04 -1.017264949041418731e-04
1.283902383875101805e-05 5.599029100267216563e-05
-1.054248277796432376e-04 -5.685469950549304485e-04
1.937431661644950509e-04 1.043925178237259388e-03
-1.730178337311372161e-04 -8.365976391360163689e-04
5.884186612092889845e-05 2.587108756415545940e-04
1.972973404917865992e-05 1.037636320688761771e-05
-2.415820345049723983e-04 3.315784124424681067e-05
4.957561031915247440e-04 -7.625637954333797097e-05
-4.335111589170992374e-04 5.270647307042963803e-05
1.565462007420137525e-04 -3.897894930560141802e-05
1.376212708237289917e-06 -6.461810244218213484e-06
1.571067332406528294e-05 3.054213302675634623e-04
-4.896125756204128265e-05 -7.263544830493628979e-04
4.164645724813453853e-05 7.110339938662946224e-04
-1.709692151052877307e-05 -2.907189773395657539e-04
6.222545039236138109e-07 2.948914016087655909e-06
-6.139340985100716352e-05 1.905857789097353816e-04
1.652940554777160287e-04 -4.819071327801793814e-04
-1.760644227033481002e-04 5.323092918843030930e-04
8.119788981275632977e-05 -2.478636451996862888e-04
-5.190537649468751624e-06 1.937321030709426850e-05
2.735936504905112088e-05 7.144493429223075509e-05
-8.951440395321696997e-05 -1.827477099141106009e-04
1.093733299057930708e-04 2.240381145384162664e-04
-5.604287798632867634e-05 -1.147271541412919760e-04
-9.038567441166378558e-06 7.990337508090306073e-06
-1.404444774379953742e-04 -2.929796391981653869e-05
5.235159769654273987e-04 1.245438907062634826e-04
-6.876699626445770264e-04 -1.658080436754971743e-04
3.978255263064056635e-04 9.613521251594647765e-05
-5.507917376235127449e-05 -2.251585556223290041e-06
2.101116479025222361e-05 6.123311322880908847e-05
-1.726952177705243230e-04 -2.994371170643717051e-04
2.450074534863233566e-04 4.336316487751901150e-04
-1.581959077157080173e-04 -2.757647016551345587e-04
2.953925104520749301e-05 6.267016578931361437e-05
-9.782130291569046676e-06 5.407262506196275353e-05
9.472167585045099258e-05 -2.317928156116977334e-04
-1.524486724520102143e-04 3.781333507504314184e-04
1.093522805604152381e-04 -2.676853619050234556e-04
-2.584860158094670624e-05 7.354978879448026419e-05
9.343428359898098279e-07 3.854457463603466749e-05
-4.316229751566424966e-05 -2.227298973593860865e-04
7.801718311384320259e-05 4.024324298370629549e-04
-6.062670217943377793e-05 -3.144590300507843494e-04
1.840204822656232864e-05 9.506878996035084128e-05
8.798816111266205553e-07 2.105812563968356699e-05
1.123287802329286933e-05 -1.304257457377389073e-04
-2.510270132916048169e-05 2.589588984847068787e-04
2.090100133500527591e-05 -2.288858668180182576e-04
-7.456187177012907341e-06 7.486365939257666469e-05
-1.487048990611583577e-07 8.197898182515928056e-07
8.107302164717111737e-06 4.975521005690097809e-05
-2.042366577370557934e-05 -1.212196148117072880e-04
1.634303225728217512e-05 1.122393150581046939e-04
-8.296873602375853807e-06 -4.699670171248726547e-05
-3.841269347049092175e-07 -7.439497835548536386e-07
8.943462307797744870e-05 7.380266470136120915e-05
-2.331018185941502452e-04 -1.838294992921873927e-04
2.462734119035303593e-04 1.947836863109841943e-04
-1.087908458430320024e-04 -8.644503395771607757e-05
3.920380549971014261e-06 4.471390639082528651e-06
-4.921290837955893949e-06 8.871230420481879264e-06
3.454483885434456170e-05 -1.444791541871381924e-05
-3.493519761832430959e-05 1.670911296969279647e-05
1.805876308935694396e-05 -8.841725502861663699e-06
-6.184041012602392584e-06 4.342176907812245190e-06
-4.943744352203793824e-05 3.426424518693238497e-05
1.690336503088474274e-04 -1.171499970951117575e-04
-2.153137029381468892e-04 1.484539679950103164e-04
1.190964321722276509e-04 -8.333154983120039105e-05
-1.846959821705240756e-05 1.121924560720799491e-05
-1.698740015854127705e-05 -6.391204351530177519e-06
4.934930984745733440e-05 4.624464781954884529e-05
-7.285284664249047637e-05 -6.495355773949995637e-05
4.511766019277274609e-05 4.035146412206813693e-05
8.576460572840005625e-07 -1.431310010957531631e-05
3.616296089603565633e-05 -3.435183316469192505e-05
-1.959549845196306705e-04 1.595483627170324326e-04
3.033212851732969284e-04 -2.477086090948432684e-04
-2.056273660855367780e-04 1.705245231278240681e-04
5.416703061200678349e-05 -3.563363497960381210e-05
3.275821291026659310e-05 5.627317023026989773e-06
-1.650667254580184817e-04 -7.503985398216173053e-05
2.889442257583141327e-04 1.283903839066624641e-04
-2.224892377853393555e-04 -9.461696754442527890e-05
5.622181924991309643e-05 3.251723683206364512e-05
1.093653168027231004e-06 1.427980441803811118e-05
5.835577758261933923e-05 -1.144054695032536983e-04
-1.144658453995361924e-04 2.216407738160341978e-04
9.373031207360327244e-05 -1.857822353485971689e-04
-3.266839485149830580e-05 5.809292269987054169e-05
-4.980180165148340166e-06 3.534917141223559156e-06
3.740557804121635854e-05 4.214245109324110672e-06
-7.657846435904502869e-05 -1.210651589644839987e-05
7.122394890757277608e-05 6.746238341293064877e-06
-2.757781476248055696e-05 -6.307594958343543112e-06
6.268866172831621952e-07 -8.015011303541541565e-07
6.274967290664790198e-06 7.026782259345054626e-05
-1.232925114891259000e-05 -1.735363912303000689e-04
1.437749415345024318e-05 1.757200661813840270e-04
-3.576216158762690611e-06 -7.427305536111816764e-05
-1.866185129983932711e-06 2.790709459077334031e-06
-4.087892375537194312e-05 3.162043867632746696e-05
1.144752968684770167e-04 -8.460917160846292973e-05
-1.298287679674103856e-04 9.511423559160903096e-05
5.977107139187864959e-05 -4.682901999331079423e-05
1.043299789671436884e-06 8.561639333493076265e-06
6.021422450430691242e-05 6.825183663750067353e-05
-2.079846162814646959e-04 -2.156337286578491330e-04
2.533441293053328991e-04 2.681406622286885977e-04
-1.350725797237828374e-04 -1.425591181032359600e-04
1.767752110026776791e-05 1.249753677257103845e-05
1.744484325172379613e-05 -2.380432852078229189e-05
-4.607822120306082070e-05 1.109247168642468750e-04
6.586374365724623203e-05 -1.487048284616321325e-04
-3.883138197124935687e-05 9.037144627654924989e-05
1.032853651850018650e-05 -1.332267061115999240e-06
2.361448605370242149e-05 7.079494389472529292e-05
-1.061447255779057741e-04 -3.575661976356059313e-04
1.601145049789920449e-04 5.364272510632872581e-04
-1.056571127264760435e-04 -3.547612868715077639e-04
2.135986869689077139e-05 7.623447163496166468e-05
2.388534539932152256e-06 1.806077125365845859e-05
6.861287602077936754e-06 -2.107359614456072450e-05
-9.325727660325355828e-06 3.972800914198160172e-05
7.362958058365620673e-06 -3.409651981201022863e-05
7.567381885564827826e-07 -6.562780896501863026e-08
8.814844477456063032e-06 -1.614331995369866490e-05
-7.038284820737317204e-05 1.480856590205803514e-04
1.308790378971025348e-04 -2.783460076898336411e-04
-1.077433698810636997e-04 2.243561029899865389e-04
3.030517655133735389e-05 -7.066965918056666851e-05
-2.543056325521320105e-06 -1.172497832158114761e-05
6.319132080534473062e-05 7.382875628536567092e-05
-1.344340853393077850e-04 -1.505648106103762984e-04
1.191307601402513683e-04 1.363524934276938438e-04
-4.417945092427544296e-05 -4.871774945058859885e-05
-2.349473106733057648e-06 -1.061592229234520346e-06
3.328264574520289898e-05 2.054704418696928769e-05
-7.525010005338117480e-05 -4.676529351854696870e-05
7.266986358445137739e-05 4.565831477520987391e-05
-3.147085226373746991e-05 -1.868715844466350973e-05
1.753522042235999834e-06 4.594635356625076383e-07
7.245680899359285831e-05 3.233698953408747911e-05
-1.941198424901813269e-04 -8.520339179085567594e-05
2.116073592333123088e-04 9.341080294689163566e-05
-9.695837070466950536e-05 -4.199847171548753977e-05
5.459733074530959129e-06 1.809749505810032133e-06
6.397611969077843241e-07 -1.864049772848375142e-05
1.347574288956820965e-05 6.070882591302506626e-05
-1.345750661130296066e-05 -7.178537634899839759e-05
7.794593329890631139e-06 3.769955947063863277e-05
-1.945620169863104820e-06 -2.410499746474670246e-06
-1.213800533150788397e-05 2.157468952646013349e-05
3.914023182005621493e-05 -8.574609091738238931e-05
-5.164596223039552569e-05 1.126040951930917799e-04
3.011669468833133578e-05 -6.545675569213926792e-05
-3.962392383982660249e-06 1.118576801673043519e-05
4.064353106514317915e-06 8.789148523646872491e-06
-2.287483766849618405e-05 -2.742592732829507440e-05
3.222055238438770175e-05 4.035454912809655070e-05
-2.047829184448346496e-05 -2.445450263621751219e-05
5.276344836602220312e-06 8.335581696883309633e-06
3.113126922471565194e-06 1.754697950673289597e-05
-1.350022193946642801e-05 -9.318664524471387267e-05
2.222121474915184081e-05 1.519575307611376047e-04
-1.649079422350041568e-05 -1.089241341105662286e-04
8.624619454167259391e-07 2.296669299539644271e-05
-7.130332051019649953e-06 -3.494737256914959289e-06
5.832304304931312799e-05 5.764786692452616990e-05
-1.050961800501681864e-04 -1.024449375108815730e-04
8.228414662880823016e-05 7.837249722797423601e-05
-2.417537871224340051e-05 -2.364214742556214333e-05
-3.764448820220422931e-06 -1.901675091176002752e-06
1.367960339848650619e-05 7.818116500857286155e-06
-2.617262180137913674e-05 -1.591021828062366694e-05
2.265288276248611510e-05 1.431173495802795514e-05
-8.233374501287471503e-06 -2.691405143195879646e-06
-3.180503824751212960e-07 2.703784502955386415e-07
1.332633746642386541e-05 -1.759494807629380375e-05
-3.021167685801628977e-05 3.921417737728916109e-05
3.017316703335382044e-05 -3.670042497105896473e-05
-9.460100045544095337e-06 1.379154309688601643e-05
-4.092512710940354737e-07 2.456889269808470999e-08
-4.568879739963449538e-05 4.238189831085037440e-06
1.208504327223636210e-04 -1.297241942666005343e-05
-1.261170982616022229e-04 1.176154910353943706e-05
5.549516572500579059e-05 -5.740195774706080556e-06
-2.515340838726842776e-06 1.604593421689060051e-06
-2.262247107864823192e-05 2.911273986683227122e-05
6.023918831488117576e-05 -8.689078822499141097e-05
-7.161711255321279168e-05 1.014429217320866883e-04
3.612953150877729058e-05 -4.969787551090121269e-05
-4.930330305796815082e-06 2.949014969999552704e-06
-1.765359411365352571e-05 -1.178388356493087485e-05
5.503795910044573247e-05 4.891057687927968800e-05
-7.089403516147285700e-05 -5.997448897687718272e-05
3.911050953320227563e-05 3.336337613291107118e-05
-3.162975417581037618e-06 -6.673645202681655064e-06
1.141397387982578948e-05 -1.236189473274862394e-05
-5.491346746566705406e-05 4.639456165023148060e-05
7.651900523342192173e-05 -6.610241689486429095e-05
-4.706780600827187300e-05 4.034020821563899517e-05
8.068784154602326453e-06 -8.154086572176311165e-06
5.984090876154368743e-07 -9.356564987683668733e-06
7.828700290701817721e-06 3.976278094341978431e-05
-1.094138951884815469e-05 -6.290943565545603633e-05
7.031602763163391501e-06 4.300692671677097678e-05
-3.253104068789980374e-06 -1.190401599160395563e-05
-4.834239007323049009e-06 -8.542223440599627793e-06
2.996413786604534835e-05 4.499315400607883930e-05
-5.184078690945170820e-05 -7.832152186892926693e-05
3.885370824718847871e-05 6.084510823711752892e-05
-1.180141953227575868e-05 -1.303325552726164460e-05
-3.913272394129307941e-06 4.539060682873241603e-06
2.683402271941304207e-05 -6.360520637826994061e-05
-5.224357664701528847e-05 1.237533142557367682e-04
4.492852531257085502e-05 -1.024767843773588538e-04
-1.259016607946250588e-05 3.286026185378432274e-05
6.603306701435940340e-07 2.696339151952997781e-06
-3.147399547742679715e-05 -8.095790690276771784e-06
6.999768811510875821e-05 1.640908703848253936e-05
-6.323183333734050393e-05 -1.729203722788952291e-05
2.424239573883824050e-05 5.534971933229826391e-06
8.385090382034832146e-07 1.090594281549783773e-07
-2.171039159293286502e-05 9.558468264003749937e-06
5.112595317768864334e-05 -2.372571361775044352e-05
-5.365864853956736624e-05 2.516356289561372250e-05
2.166245394619181752e-05 -9.528956070425920188e-06
-4.778789275405870285e-08 -6.587333132301864680e-07
1.846020313678309321e-05 -2.873776247724890709e-05
-5.403410250437445939e-05 8.239790622610598803e-05
5.995761603116989136e-05 -9.174419392365962267e-05
-2.841823516064323485e-05 4.380738027975894511e-05
1.697046400295221247e-06 -3.446431492193369195e-06
-7.559480764030013233e-06 1.233676584888598882e-06
2.808888893923722208e-05 -1.015174257190665230e-05
-3.368286706972867250e-05 1.165199046226916835e-05
1.830163091653957963e-05 -6.778112492611398920e-06
-2.524173169149435125e-06 9.473105819779448211e-07
-1.098072175409470219e-06 -1.064278194462531246e-06
2.872240884244092740e-06 6.073869371903128922e-06
-3.568990905478131026e-06 -8.270716534752864391e-06
1.532558030703512486e-06 5.315423095453297719e-06
-4.333774086262565106e-06 -1.265456944565812591e-06
-2.230764403066132218e-05 -4.829476552004052792e-07
1.053686719387769699e-04 3.720296888332086382e-07
-1.586858707014471292e-04 0.000000000000000000e+00
