-1.233107876032590866e-02 0.000000000000000000e+00
8.364266715943813324e-03 -2.101406835208763368e-06
-1.765512512065470219e-03 -9.447258889849763364e-06
-2.585571492090821266e-04 -3.124914292129687965e-05
-6.186538375914096832e-04 1.854835863923653960e-04
9.644270758144557476e-04 -3.087098011747002602e-04
-6.565834628418087959e-04 2.269662363687530160e-04
2.018863597186282277e-04 -5.230130773270502687e-05
4.263642767909914255e-05 8.669288945384323597e-06
-3.609234408941119909e-05 -1.226387976203113794e-04
6.505287456093356013e-05 2.269562683068215847e-04
-6.837726687081158161e-05 -1.814298157114535570e-04
2.067411151074338704e-05 5.999443601467646658e-05
1.119753596867667511e-05 6.956988272577291355e-06
-1.564670237712562084e-04 -4.291926234145648777e-05
3.268832515459507704e-04 8.338556654052808881e-05
-2.904131833929568529e-04 -7.878908945713192225e-05
1.007597311399877071e-04 2.005002170335501432e-05
6.748053920091479085e-07 -5.510079972737003118e-06
1.100905574276112020e-04 1.555993658257648349e-04
-2.769698912743479013e-04 -3.692539467010647058e-04
2.636616409290581942e-04 3.644190728664398193e-04
-1.105520132114179432e-04 -1.483977539464831352e-04
1.927700623127748258e-06 1.814237407415930647e-06
9.583940118318423629e-05 1.304065062868176028e-05
-2.434834314044564962e-04 -1.712221819616388530e-05
2.702455967664718628e-04 2.242956725240219384e-05
-1.232804497703909874e-04 -1.027810412779217586e-05
7.888576874393038452e-06 2.198134552600095049e-06
-1.323633114225231111e-06 2.597396451164968312e-05
1.516549946245504543e-05 -8.279995381599292159e-05
-1.921983493957668543e-05 9.825666347751393914e-05
1.163223714684136212e-05 -5.059663453721441329e-05
2.815220341290114447e-06 7.167365311033790931e-06
3.735804784810170531e-05 2.255593972222413868e-05
-1.392997219227254391e-04 -7.534531323472037911e-05
1.862907811300829053e-04 1.007413084153085947e-04
-1.083787719835527241e-04 -5.764662273577414453e-05
9.659384886617772281e-06 1.002990029519423842e-05
-3.389435732970014215e-05 1.295342462981352583e-05
1.684211456449702382e-04 -4.561103924061171710e-05
-2.448088198434561491e-04 6.901258166180923581e-05
1.598351809661835432e-04 -4.520195943769067526e-05
-2.510474951122887433e-05 4.701376383309252560e-06
2.386439518886618316e-05 -1.101079578802455217e-05
-1.739241852192208171e-04 7.078207272570580244e-05
2.829628647305071354e-04 -1.140884123742580414e-04
-2.017582155531272292e-04 8.295127918245270848e-05
4.972338865627534688e-05 -1.351074570266064256e-05
1.198890367959393188e-05 1.468550999561557546e-05
-2.227584991487674415e-05 -1.357726287096738815e-04
3.831314461422152817e-05 2.445746213197708130e-04
-3.086201832047663629e-05 -1.907951373141258955e-04
1.037908077705651522e-05 5.437756772153079510e-05
3.040576302737463266e-06 4.449818334251176566e-06
-3.554174691089428961e-05 1.071545830200193450e-05
7.204877329058945179e-05 -2.323239823454059660e-05
-6.210266292328014970e-05 1.650810736464336514e-05
2.005423812079243362e-05 -9.266133929486386478e-06
7.254855063365539536e-07 -2.692569523787824437e-06
5.735706963605480269e-06 5.555573807214386761e-05
-1.308470564254093915e-05 -1.247464824700728059e-04
1.120378419727785513e-05 1.188410387840121984e-04
-5.737004812544910237e-06 -4.537248969427309930e-05
6.067473350412910804e-07 1.526804993545738398e-07
1.120568867918336764e-05 5.720859462599037215e-06
-2.807914097502361983e-05 -1.379330751660745591e-05
2.784660500765312463e-05 1.540473931527230889e-05
-1.231364149134606123e-05 -7.642813216079957783e-06
1.790934447853942402e-06 1.275078261642192956e-06
2.972106267407070845e-05 4.563898983178660274e-05
-9.122309711528941989e-05 -1.330228697042912245e-04
1.045896497089415789e-04 1.538021460874006152e-04
-5.328925908543169498e-05 -7.713127706665545702e-05
1.047749174176715314e-05 8.495162546751089394e-06
7.042112702038139105e-05 9.478843821852933615e-06
-2.352932933717966080e-04 -2.302312532265204936e-05
3.002863959409296513e-04 2.880170541175175458e-05
-1.673701335676014423e-04 -1.475388853577896953e-05
2.612720345496200025e-05 6.524236141558503732e-06
3.011812805198132992e-05 3.091716644121333957e-05
-8.952362986747175455e-05 -1.290388609049841762e-04
1.299065042985603213e-04 1.818347518565133214e-04
-8.177603740477934480e-05 -1.121448003686964512e-04
8.818392416287679225e-06 2.104792656609788537e-05
-2.374851464992389083e-05 7.977297173056285828e-06
1.399165339535102248e-04 -1.797532786440569907e-05
-2.177171263610944152e-04 2.940708327514585108e-05
1.484573585912585258e-04 -1.967370735656004399e-05
-3.986161391367204487e-05 5.244611202215310186e-06
-2.638183104863855988e-05 5.208911261433968320e-06
1.376516011077910662e-04 -3.326603109599091113e-05
-2.388392458669841290e-04 5.770231655333191156e-05
1.791615650290623307e-04 -4.240323687554337084e-05
-5.494417928275652230e-05 1.444867757527390495e-05
-2.084401603497099131e-05 6.828440746176056564e-06
1.510909351054579020e-04 -6.073328768252395093e-05
-2.938180696219205856e-04 1.185297296615317464e-04
2.467563026584684849e-04 -9.745441639097407460e-05
-8.099704427877441049e-05 3.353190550114959478e-05
-9.336480616184417158e-06 6.407570708688581362e-06
6.595466402359306812e-05 -6.514156848425045609e-05
-1.386463263770565391e-04 1.395439176121726632e-04
1.288488419959321618e-04 -1.318762078881263733e-04
-4.945995533489622176e-05 4.718355194199830294e-05
-8.441156182925624307e-07 -2.703709753859584453e-07
4.869939948548562825e-05 4.512028681347146630e-05
-1.157767837867140770e-04 -1.166271104011684656e-04
1.195537479361519217e-04 1.172297561424784362e-04
-4.924046879750676453e-05 -5.076814704807475209e-05
3.705452513713680673e-07 2.302847406099317595e-06
-3.049028237001039088e-05 1.236684238392626867e-05
9.507141658104956150e-05 -2.794241117953788489e-05
-1.035674576996825635e-04 3.117249070783145726e-05
4.993635957362130284e-05 -1.418002102582249790e-05
-6.198240043886471540e-06 1.912716697916039266e-06
-3.597750037442892790e-05 5.210436029301490635e-06
1.099500950658693910e-04 -1.574170528328977525e-05
-1.385549403494223952e-04 2.162797500204760581e-05
7.411820115521550179e-05 -1.096808955480810255e-05
-6.161301371321314946e-06 -4.883389919996261597e-06
1.363727278658188879e-05 -4.500428985920734704e-05
-6.661206134594976902e-05 1.773538679117336869e-04
8.953789802035316825e-05 -2.405734267085790634e-04
-5.338130722520872951e-05 1.437455066479742527e-04
6.996117008384317160e-06 -2.465619036229327321e-05
-5.944562417425913736e-06 -7.572769845864968374e-06
3.846907929982990026e-05 7.495841146010207012e-06
-5.700720430468209088e-05 -1.313963093707570806e-05
3.851522706099785864e-05 7.852548151277005672e-06
-3.972882495872909203e-06 -4.785174496646504849e-07
1.413611607858911157e-05 7.834731832190300338e-07
-9.470768418395891786e-05 -2.019057774305110797e-06
1.582873956067487597e-04 2.080042577290441841e-06
-1.165941794170066714e-04 -1.191714318338199519e-06
2.775953180389478803e-05 7.991848747224139515e-07
-8.617852813586068805e-07 1.530933218418795150e-06
4.090147194801829755e-05 -1.214127951243426651e-05
-7.568615546915680170e-05 2.309446244908031076e-05
6.006178955431096256e-05 -1.972364589164499193e-05
-1.818018245103303343e-05 5.656979737977962941e-06
-3.968649764374276856e-07 -4.476659114516223781e-07
-1.193203206639736891e-05 1.441279073333134875e-05
2.493672036507632583e-05 -3.147963070659898221e-05
-2.068398498522583395e-05 2.842017784132622182e-05
7.813416232238523662e-06 -1.044504824676550925e-05
-8.258945740635681432e-07 -3.052919339552317979e-07
4.941347015119390562e-06 2.751793317656847648e-06
-1.207269542646827176e-05 -4.721003278973512352e-06
1.003159650281304494e-05 2.566824377936427481e-06
-7.350361556746065617e-06 -1.959383325811359100e-06
1.509244270891940687e-06 1.363196929560217541e-06
5.714420331059955060e-05 2.869859781640116125e-05
-1.528228458482772112e-04 -7.869984983699396253e-05
1.654674124438315630e-04 8.613130194135010242e-05
-7.503339293180033565e-05 -3.842571459244936705e-05
3.929221747966948897e-06 3.415825347019563196e-07
-4.598141913447761908e-06 -2.721909731917548925e-05
2.304909867234528065e-05 9.157589374808594584e-05
-2.565474824223201722e-05 -1.081879818229936063e-04
1.325410721619846299e-05 5.609786967397667468e-05
7.092396572261350229e-07 -6.156269591883756220e-06
1.948531462403479964e-05 -5.361916009860578924e-06
-7.454555452568456531e-05 7.443186859745765105e-06
9.784220310393720865e-05 -1.173883902083616704e-05
-5.635857087327167392e-05 6.805306838941760361e-06
7.308777639991603792e-06 1.800935933715663850e-06
-3.251451744290534407e-06 1.466248977521900088e-05
2.735457928793039173e-05 -6.441884761443361640e-05
-3.852777081192471087e-05 9.290956222685053945e-05
2.400881749053951353e-05 -5.944722215645015240e-05
-4.957976216246606782e-06 1.144727139035239816e-05
-2.706715804379200563e-06 -2.990122993651311845e-07
9.042016245075501502e-06 1.349417289020493627e-05
-1.587008591741323471e-05 -2.081869570247363299e-05
1.199016787722939625e-05 1.426831931894412264e-05
-2.201475808760733344e-06 -5.388626050262246281e-06
1.001531927613541484e-06 -3.986690444435225800e-06
-1.276298826269339770e-05 2.736725400609429926e-05
2.378827230131719261e-05 -4.912138683721423149e-05
-1.835631701396778226e-05 3.848497362923808396e-05
6.578859483852284029e-06 -9.706848686619196087e-06
3.856865077978000045e-06 9.376777825309545733e-07
-3.051536987186409533e-05 -1.860490374383516610e-05
6.081324681872501969e-05 3.672848833957687020e-05
-5.367770427255891263e-05 -3.186142566846683621e-05
1.765364504535682499e-05 1.068269102688645944e-05
4.002943398973002331e-07 -2.387826611993659753e-07
1.263048216060269624e-05 1.403772603225661442e-05
-3.043391370738390833e-05 -3.363646465004421771e-05
2.822019450832158327e-05 3.144284710288047791e-05
-1.106151557905832306e-05 -1.307236834691138938e-05
-6.811924180283313035e-08 -1.325134633134439355e-07
2.355213382543297485e-06 1.544887709314934909e-05
-4.599296971719013527e-06 -3.723035479197278619e-05
5.474251338455360383e-06 4.008096220786683261e-05
-2.469927721904241480e-06 -1.697086372587364167e-05
1.249962622296152404e-07 -8.215010005585554609e-09
-2.776416067717946135e-06 -1.920464274007827044e-05
8.665559107612352818e-06 5.881246761418879032e-05
-1.070919734047492966e-05 -6.774528446840122342e-05
5.333563422027509660e-06 3.346653829794377089e-05
2.795629256979736965e-07 -2.352702267671702430e-06
8.518138201907277107e-06 5.248336037766421214e-06
-3.145980736007913947e-05 -2.313849836355075240e-05
3.981103145633824170e-05 2.817960012180265039e-05
-2.258525091747287661e-05 -1.547020110592711717e-05
5.462891294882865623e-06 1.672542339292704128e-06
1.720685395412147045e-05 -5.442040219350019470e-06
-6.588565156562253833e-05 2.397070966253522784e-05
9.223079541698098183e-05 -3.280863529653288424e-05
-5.671913459082134068e-05 2.058420795947313309e-05
1.187493489851476625e-05 -5.394903837441233918e-06
9.626330211176536977e-06 -5.425280960480449721e-06
-3.871325316140428185e-05 2.433771805954165757e-05
6.192012369865551591e-05 -3.761220068554393947e-05
-4.289466232876293361e-05 2.507439057808369398e-05
9.528106602374464273e-06 -6.111989932833239436e-06
3.334744860694627278e-06 -3.483591171971056610e-06
-7.173126505222171545e-06 1.836231604102067649e-05
1.190541570394998416e-05 -3.287255822215229273e-05
-9.854906238615512848e-06 2.540887180657591671e-05
2.028823928412748501e-06 -7.106700195436133072e-06
-2.503757514205062762e-06 -1.976728071895195171e-06
2.201233655796386302e-05 7.611262390128104016e-06
-4.288769923732616007e-05 -1.382576829200843349e-05
3.621622818172909319e-05 1.168871949630556628e-05
-1.188326859846711159e-05 -4.058730155520606786e-06
-7.515391189372166991e-07 1.693093736321316101e-07
3.205374923709314317e-06 2.412728861145296833e-07
-6.728095286234747618e-06 -2.736249768986454001e-07
6.087593192205531523e-06 5.585678195529908407e-07
-2.590704525573528372e-06 9.868001598078990355e-07
-5.717438966712506954e-07 1.847029125201515853e-07
1.776500539563130587e-05 -2.001122993533499539e-05
-4.391028051031753421e-05 4.933219679514877498e-05
4.434445872902870178e-05 -4.986607018508948386e-05
-1.948256249306723475e-05 2.089591544063296169e-05
1.245200337507412769e-06 -5.548707235902838875e-07
1.508356490376172587e-05 -2.076156079056090675e-06
-4.053481461596675217e-05 3.261241090513067320e-06
4.556311250780709088e-05 -4.835855634155450389e-06
-2.147961095033679157e-05 2.204788188464590348e-06
1.778215164449648000e-06 3.533628500917984638e-07
5.244097792456159368e-06 7.056803042360115796e-06
-1.443501605535857379e-05 -2.369409412494860590e-05
1.857275856309570372e-05 2.934069743787404150e-05
-1.010740379570052028e-05 -1.592429543961770833e-05
1.394131913912133314e-06 2.364901320106582716e-06
1.960127065103733912e-06 3.751163376364274882e-06
-5.290249191602924839e-06 -1.139361211244249716e-05
7.216897301987046376e-06 1.560895361762959510e-05
-4.317629645811393857e-06 -9.187134310195688158e-06
4.099613022390258266e-07 1.404146701133868191e-06
-1.652819946684758179e-06 3.008510702784406021e-07
8.241608156822621822e-06 2.857248944110324373e-07
-1.230400721397018060e-05 0.000000000000000000e+00
