-6.499518640339374542e-03 0.000000000000000000e+00
4.325483925640583038e-03 -2.493095735189854167e-06
-9.017989505082368851e-04 -2.012432787523721345e-06
-1.688821648713201284e-04 -1.288208113692235202e-05
-7.832378469174727798e-05 8.643996261525899172e-05
9.251106530427932739e-05 -1.493407180532813072e-04
-3.691195161081850529e-05 1.089361176127567887e-04
2.813283026625867933e-05 -3.871693843393586576e-05
1.264960610569687560e-05 -3.553395436028949916e-05
-4.519046342466026545e-05 2.404945407761260867e-04
8.573718514526262879e-05 -4.455650050658732653e-04
-8.178010466508567333e-05 3.616709145717322826e-04
5.830940608575474471e-06 -1.129295997088775039e-04
-2.433527151879388839e-05 -1.162250373454298824e-05
3.305581922177225351e-04 5.926791345700621605e-05
-6.947807851247489452e-04 -1.217742537846788764e-04
6.202384247444570065e-04 1.110645171138457954e-04
-2.251314872410148382e-04 -3.753228156710974872e-05
-1.298459392273798585e-05 -2.204840029662591405e-06
1.532835885882377625e-04 2.216987195424735546e-05
-3.413220692891627550e-04 -5.166967457626014948e-05
3.456963750068098307e-04 5.267190499580465257e-05
-1.368995581287890673e-04 -1.856625203799922019e-05
1.049213210535526741e-06 -3.314408303367599729e-08
-6.222444790182635188e-05 -1.884929770312737674e-05
1.852276182034984231e-04 4.394364441395737231e-05
-1.946678967215120792e-04 -4.782920223078690469e-05
9.028307249536737800e-05 2.045200017164461315e-05
-8.647150025353766978e-06 1.812462414818583056e-06
-4.086010085302405059e-05 9.359745308756828308e-05
1.196643934235908091e-04 -2.907932503148913383e-04
-1.437131868442520499e-04 3.489479422569274902e-04
7.316798291867598891e-05 -1.821783662308007479e-04
-1.315397730650147423e-05 1.838805292209144682e-05
-6.077640500734560192e-05 -5.295384653436485678e-06
2.138462441507726908e-04 5.308074833010323346e-05
-2.840711094904690981e-04 -6.791316991439089179e-05
1.640168047742918134e-04 3.978203676524572074e-05
-2.509691694285720587e-05 -2.409061835351167247e-06
-1.200545375468209386e-05 2.070180380542296916e-05
1.825328217819333076e-05 -1.001832861220464110e-04
-2.975743882416281849e-05 1.448491966584697366e-04
1.937660272233188152e-05 -9.403624426340684295e-05
-2.556311983425985090e-06 1.521795456937979907e-05
4.206115988836245378e-07 -1.435161721019539982e-05
-3.297910780020174570e-06 1.026693062158301473e-04
4.944223746861098334e-06 -1.661134883761405945e-04
-4.283607722754823044e-06 1.177062076749280095e-04
-2.390347162872785702e-06 -3.281614408479072154e-05
-8.654751582071185112e-06 -1.630071528779808432e-05
6.427379412343725562e-05 8.282896305900067091e-05
-1.145471978816203773e-04 -1.478185440646484494e-04
8.964062726590782404e-05 1.160499523393809795e-04
-2.506780765543226153e-05 -3.562763595255091786e-05
-1.708824726165403263e-07 -7.514494427596218884e-06
-1.840201184677425772e-05 5.077634341432712972e-05
3.757367085199803114e-05 -1.006528254947625101e-04
-3.171704156557098031e-05 8.788554987404495478e-05
1.194349351862911135e-05 -2.961894097097683698e-05
1.132181978391599841e-06 -1.074522970156976953e-06
-1.534788498247507960e-05 4.044661636726232246e-06
3.370043850736692548e-05 -7.550530426669865847e-06
-3.240930891479365528e-05 6.468092124123359099e-06
1.226030053658178076e-05 -2.948920155176892877e-06
-9.595109418114589062e-08 1.138853349402779713e-07
7.617486062372336164e-06 2.892337943194434047e-05
-2.243079325126018375e-05 -7.601394463563337922e-05
2.143696838174946606e-05 8.006441203178837895e-05
-1.131974659074330702e-05 -3.528569504851475358e-05
2.795797399812727235e-06 1.570722133692470379e-06
5.476035221363417804e-05 6.133541319286450744e-06
-1.601677504368126392e-04 -1.398844869981985539e-05
1.859562034951522946e-04 1.621581941435579211e-05
-9.224923996953293681e-05 -8.283595889224670827e-06
7.175769496825523674e-06 3.192919621142209508e-06
-1.058978341461624950e-05 2.611802847241051495e-05
5.193714969209395349e-05 -9.077911818167194724e-05
-6.393872899934649467e-05 1.159179009846411645e-04
3.608164843171834946e-05 -6.429425411624833941e-05
-5.495597179105971009e-06 8.900614375306759030e-06
-3.066499857595772482e-06 6.079191280150553212e-06
2.745632627920713276e-06 -1.292441720579518005e-05
-4.803314823220716789e-06 1.966335184988565743e-05
3.293070449217339046e-06 -1.217052249558037147e-05
2.339446155019686557e-06 3.239012585254386067e-06
1.266545677935937420e-05 6.957948244235012680e-06
-6.375084194587543607e-05 -3.327150989207439125e-05
9.893767855828627944e-05 5.186540147406049073e-05
-6.807594763813540339e-05 -3.556774390744976699e-05
1.538637661724351346e-05 8.884621820470783859e-06
1.695063474471680820e-06 3.818071036221226677e-06
5.462604349304456264e-06 -1.533970134914852679e-05
-9.519219020148739219e-06 2.683738784980960190e-05
6.779641353205079213e-06 -2.129606582457199693e-05
-2.886337142626871355e-06 3.956828550144564360e-06
-2.238048182334750891e-06 -2.742273636613390408e-06
1.697843617876060307e-05 3.372096034581772983e-05
-3.273194306530058384e-05 -6.574356666533276439e-05
2.771369690890423954e-05 5.448612137115560472e-05
-8.712253475096076727e-06 -1.811046604416333139e-05
-2.976690893774502911e-07 -2.417642235741368495e-06
-5.245147804089356214e-06 1.620162220206111670e-05
1.257128133147489280e-05 -3.363934956723824143e-05
-1.022298602038063109e-05 3.275461858720518649e-05
5.547507043957011774e-06 -1.129463544202735648e-05
8.027790272535639815e-07 4.493474818900722312e-07
-4.094811083632521331e-05 -2.588128700153902173e-05
1.009350089589133859e-04 6.593393482035025954e-05
-1.024124576360918581e-04 -6.704646511934697628e-05
4.377884761197492480e-05 2.888481867557857186e-05
-1.765497813721594866e-06 -9.695729659142671153e-07
-1.515429266873979941e-05 -1.242675261892145500e-05
3.753302735276520252e-05 3.153650686726905406e-05
-4.305920811020769179e-05 -3.559877222869545221e-05
2.020885040110442787e-05 1.711694312689360231e-05
-1.708743525341560598e-06 -2.463133114360971376e-06
-2.691894223971758038e-06 -1.739764593366999179e-05
6.947725978534435853e-06 5.562219666899181902e-05
-9.305183994001708925e-06 -6.942294567124918103e-05
4.736054052045801654e-06 3.722795736393891275e-05
-4.491639504777822367e-09 -4.266520591045264155e-06
1.619345084691303782e-06 -1.925859123730333522e-06
-7.049602118058828637e-06 -5.200101895752595738e-07
9.336222319689113647e-06 -5.816654606860538479e-07
-5.451864581118570641e-06 5.757177632403909229e-07
-6.440012612074497156e-08 1.570947688378510065e-06
-5.218856585997855291e-06 6.802024017815710977e-06
2.601172491267789155e-05 -3.215859760530292988e-05
-3.875941911246627569e-05 4.805039861821569502e-05
2.536021565902046859e-05 -3.172985452692955732e-05
-7.509670922445366159e-06 6.041515007382258773e-06
-8.589163371652830392e-06 -1.573444933455903083e-06
4.587856528814882040e-05 1.555303970235399902e-05
-7.672022911719977856e-05 -2.565886643424164504e-05
5.618689101538620889e-05 1.882953074527904391e-05
-1.491642069595400244e-05 -4.883142992184730247e-06
-3.130312734356266446e-06 -4.149601124936452834e-07
1.051899380399845541e-05 -2.357808398301131092e-06
-1.963739850907586515e-05 4.386144610180053860e-06
1.727312519506085664e-05 -3.135970018774969503e-06
-3.150538987028994597e-06 1.327361701441986952e-06
2.134621581717510708e-06 5.832230272062588483e-07
-3.528196248225867748e-05 -6.221889179869322106e-06
7.405098585877567530e-05 1.314598921453580260e-05
-6.654578464804217219e-05 -1.224659445142606273e-05
2.251943078590556979e-05 4.219373749947408214e-06
4.549198706627066713e-07 3.119352811609132914e-07
1.783241168595850468e-05 2.430159156574518420e-06
-4.446087405085563660e-05 -6.678768841084092855e-06
4.265637107891961932e-05 6.784693596273427829e-06
-1.702743247733451426e-05 -2.137964429493877105e-06
2.742332227967381186e-08 -3.309966984943457646e-07
3.231399370307030949e-09 -8.147891094267833978e-06
1.714757217996520922e-06 2.181481249863281846e-05
-7.602750997648399789e-07 -2.393840441072825342e-05
-6.123379137079609791e-08 1.045797944243531674e-05
3.279743907569354633e-07 4.371536874714365695e-07
6.306858722382457927e-06 1.608708043931983411e-05
-1.958680877578444779e-05 -5.195011908654123545e-05
2.188036523875780404e-05 6.155994196888059378e-05
-1.129041083913762122e-05 -3.170748823322355747e-05
3.508325789880473167e-06 3.153469378958106972e-06
1.801883809093851596e-05 -1.503595285612391308e-06
-6.606067472603172064e-05 1.225925916514825076e-05
8.786305261310189962e-05 -1.479604270571144298e-05
-5.053195491200312972e-05 8.398295904044061899e-06
6.769581432308768854e-06 -4.310472377255791798e-06
1.020500349113717675e-06 -1.792142393242102116e-05
7.760333573969546705e-06 7.717800326645374298e-05
-1.004929436021484435e-05 -1.126469651353545487e-04
5.758552561019314453e-06 7.215946970973163843e-05
-1.717450686555821449e-06 -1.413697373209288344e-05
-2.815909738274058327e-06 -3.594943564166896977e-06
1.364809122605947778e-05 4.361227183835580945e-06
-2.255864274047780782e-05 -8.111403076327405870e-06
1.646462078497279435e-05 5.707222499040653929e-06
-3.539537374308565632e-06 -1.445122165932843927e-06
9.495174424500874011e-08 -1.941227083079866134e-06
-5.670791324519086629e-06 1.190398870676290244e-05
1.042675557982875034e-05 -2.171927917515859008e-05
-8.628589966974686831e-06 1.817599513742607087e-05
9.217233696290350053e-07 -3.562771098586381413e-06
-2.174103428842499852e-06 2.829376853696885519e-06
2.711934394028503448e-05 -3.907053542206995189e-05
-5.413581311586312950e-05 7.952655141707509756e-05
4.732800880447030067e-05 -6.810970080550760031e-05
-1.457263715565204620e-05 2.420103191980160773e-05
7.009721798567625228e-07 2.381659214734099805e-06
-3.032366112165618688e-05 -2.648690133355557919e-05
7.022348290774971247e-05 5.794233584310859442e-05
-6.590689736185595393e-05 -5.561764555750414729e-05
2.595669866423122585e-05 2.168530772905796766e-05
-2.592662440292770043e-08 -2.844228674803161994e-07
-1.454221001040423289e-05 -7.472061497537652031e-06
3.610339990700595081e-05 1.756259916874114424e-05
-3.841344368993304670e-05 -1.896947651403024793e-05
1.710086507955566049e-05 7.956275112519506365e-06
-1.314917540184978861e-06 -9.719448001987984753e-08
-1.768316360539756715e-05 3.946251581510296091e-06
5.013131885789334774e-05 -1.308206901740049943e-05
-5.890310785616748035e-05 1.436216189176775515e-05
2.896104342653416097e-05 -7.413300863845506683e-06
-1.415075985278235748e-06 1.847990915848640725e-06
1.115772647608537227e-05 1.275453632842982188e-05
-4.356984936748631299e-05 -4.254173836670815945e-05
5.421379319159314036e-05 5.448431693366728723e-05
-3.016888695128727704e-05 -3.033142638741992414e-05
5.234346645011100918e-06 3.517489403748186305e-06
6.394266165443696082e-06 -3.180022531523718499e-06
-2.063488500425592065e-05 1.897302354336716235e-05
2.973089976876508445e-05 -2.595113255665637553e-05
-1.835501279856543988e-05 1.601206713530700654e-05
2.020257397816749290e-06 -3.862425273837288842e-06
-4.144873400946380571e-06 -4.236035692883888260e-06
2.401914935035165399e-05 1.828696258598938584e-05
-3.723441477632150054e-05 -2.872221011784859002e-05
2.591575139376800507e-05 1.958271241164766252e-05
-4.683913175540510565e-06 -4.942390660289674997e-06
2.883825118260574527e-06 -3.352539124534814619e-06
-2.684579521883279085e-05 1.669051380304154009e-05
4.665747837861999869e-05 -2.895959187299013138e-05
-3.493785334285348654e-05 2.210204002039972693e-05
1.022581091092433780e-05 -6.811339517298620194e-06
2.832972768374020234e-06 -1.830339556363469455e-06
-1.611842344573233277e-05 1.124043228628579527e-05
3.120898327324539423e-05 -2.110517016262747347e-05
-2.630602830322459340e-05 1.800199788704048842e-05
8.530039849574677646e-06 -4.826579697692068294e-06
9.082133942683867645e-07 6.816235895712452475e-07
-7.785863090248312801e-06 -1.641561721044126898e-05
1.695234095677733421e-05 3.580961856641806662e-05
-1.575854366819839925e-05 -3.246756386943161488e-05
5.934012278885347769e-06 1.222109585796715692e-05
3.624091107212734642e-07 1.292130491492571309e-07
-7.115818334568757564e-06 -5.707069249183405191e-06
1.703981979517266154e-05 1.345007876807358116e-05
-1.755420998961199075e-05 -1.403852274961536750e-05
7.589613687741803005e-06 5.869430424354504794e-06
-3.649484483503329102e-07 -2.067523752202760079e-07
-2.862557494154316373e-06 -3.333866743560065515e-06
7.156173978728475049e-06 8.831626473693177104e-06
-7.932499102025758475e-06 -9.885510735330171883e-06
3.773524667849414982e-06 4.666752829507458955e-06
-6.090510851208819076e-07 -5.380589414016867522e-07
-3.879001724271802232e-06 -2.033534656220581383e-06
1.265543778572464362e-05 6.546572876686695963e-06
-1.562563920742832124e-05 -8.190919288608711213e-06
8.297542990476358682e-06 4.317331331549212337e-06
-1.179046080324042123e-06 -7.613650154780771118e-07
-1.861006012404686771e-06 -2.833996404660865664e-06
5.601561042567482218e-06 1.026743029797216877e-05
-8.117988727462943643e-06 -1.413389964000089094e-05
4.935356628266163170e-06 8.481584700348321348e-06
2.494818431841849815e-07 -1.389653334626927972e-06
4.704181719716871157e-06 -4.023714552658930188e-07
-2.340024911973159760e-05 -1.272381808803402237e-07
3.517860750434920192e-05 0.000000000000000000e+00
