1.317246317863464355e+00 0.000000000000000000e+00
1.152104854583740234e+00 8.673709034919738770e-01
1.240973591804504395e+00 1.244074106216430664e+00
1.579099178314208984e+00 1.578904986381530762e+00
1.841157317161560059e+00 1.841181993484497070e+00
1.926360487937927246e+00 1.925785422325134277e+00
2.008452415466308594e+00 2.008148431777954102e+00
2.013505697250366211e+00 2.012502431869506836e+00
1.886484384536743164e+00 1.884917140007019043e+00
1.744570732116699219e+00 1.744723916053771973e+00
1.636128783226013184e+00 1.638262033462524414e+00
1.578048825263977051e+00 1.579450368881225586e+00
1.573718070983886719e+00 1.574229001998901367e+00
1.573806166648864746e+00 1.574572682380676270e+00
1.539096832275390625e+00 1.540409207344055176e+00
1.459736108779907227e+00 1.465231895446777344e+00
1.372190713882446289e+00 1.376795768737792969e+00
1.292778849601745605e+00 1.292705535888671875e+00
1.216426253318786621e+00 1.215214729309082031e+00
1.143530726432800293e+00 1.143214702606201172e+00
1.076445341110229492e+00 1.077088236808776855e+00
1.035290002822875977e+00 1.036005139350891113e+00
9.951965212821960449e-01 9.949837923049926758e-01
9.489794373512268066e-01 9.473245143890380859e-01
8.984695672988891602e-01 8.975572586059570312e-01
8.571317195892333984e-01 8.552861809730529785e-01
8.019690513610839844e-01 7.995315194129943848e-01
7.476807832717895508e-01 7.477151751518249512e-01
7.243975996971130371e-01 7.269244790077209473e-01
7.089721560478210449e-01 7.106692790985107422e-01
6.887001395225524902e-01 6.920624375343322754e-01
6.746947765350341797e-01 6.795384883880615234e-01
6.657035946846008301e-01 6.672957539558410645e-01
6.562951207160949707e-01 6.572569608688354492e-01
6.535916328430175781e-01 6.542293429374694824e-01
6.384112834930419922e-01 6.378098726272583008e-01
6.211656332015991211e-01 6.198956370353698730e-01
6.211775541305541992e-01 6.216273903846740723e-01
6.199844479560852051e-01 6.238834857940673828e-01
5.890559554100036621e-01 5.926513671875000000e-01
5.671208500862121582e-01 5.682246088981628418e-01
5.474682450294494629e-01 5.488972067832946777e-01
5.591402649879455566e-01 5.601484179496765137e-01
5.456571578979492188e-01 5.489663481712341309e-01
5.279804468154907227e-01 5.314298272132873535e-01
5.243263244628906250e-01 5.250142216682434082e-01
5.005434155464172363e-01 5.010995864868164062e-01
4.879766702651977539e-01 4.883146286010742188e-01
4.747467041015625000e-01 4.761367738246917725e-01
4.744349122047424316e-01 4.762805402278900146e-01
4.974253177642822266e-01 4.977702796459197998e-01
4.950048327445983887e-01 4.950349330902099609e-01
4.884263873100280762e-01 4.884518086910247803e-01
4.898987710475921631e-01 4.897075593471527100e-01
4.719880223274230957e-01 4.716487824916839600e-01
4.629525840282440186e-01 4.633588194847106934e-01
4.815129041671752930e-01 4.834208190441131592e-01
4.745495319366455078e-01 4.759625196456909180e-01
4.381507933139801025e-01 4.372846484184265137e-01
4.204323291778564453e-01 4.182959794998168945e-01
4.328159093856811523e-01 4.321542084217071533e-01
4.323527812957763672e-01 4.324114918708801270e-01
4.313667714595794678e-01 4.314179718494415283e-01
4.463713765144348145e-01 4.464912414550781250e-01
4.325619935989379883e-01 4.330362081527709961e-01
4.100412428379058838e-01 4.101141691207885742e-01
4.159867167472839355e-01 4.149100184440612793e-01
4.245116114616394043e-01 4.233522117137908936e-01
4.113706946372985840e-01 4.110655486583709717e-01
4.084850847721099854e-01 4.081325829029083252e-01
4.133529961109161377e-01 4.131262600421905518e-01
4.092609286308288574e-01 4.092516005039215088e-01
3.922504186630249023e-01 3.922435939311981201e-01
3.847497403621673584e-01 3.841814100742340088e-01
4.008493125438690186e-01 3.988678157329559326e-01
4.207558631896972656e-01 4.195364415645599365e-01
4.120388925075531006e-01 4.112655222415924072e-01
4.003655314445495605e-01 3.990273177623748779e-01
3.982862532138824463e-01 3.976929783821105957e-01
3.972922265529632568e-01 3.964471518993377686e-01
3.971271812915802002e-01 3.963549137115478516e-01
3.896174132823944092e-01 3.886273503303527832e-01
3.801124989986419678e-01 3.785316050052642822e-01
3.904550075531005859e-01 3.902941644191741943e-01
4.201657772064208984e-01 4.228213727474212646e-01
4.212991595268249512e-01 4.238721430301666260e-01
3.892611265182495117e-01 3.897443711757659912e-01
3.761467933654785156e-01 3.765555024147033691e-01
3.830525875091552734e-01 3.829985260963439941e-01
3.881351351737976074e-01 3.874529898166656494e-01
3.926318883895874023e-01 3.918786644935607910e-01
3.692063689231872559e-01 3.685931861400604248e-01
3.502229452133178711e-01 3.489889800548553467e-01
3.515152037143707275e-01 3.504824638366699219e-01
3.608895540237426758e-01 3.571591377258300781e-01
3.609645068645477295e-01 3.557057976722717285e-01
3.496268093585968018e-01 3.477453291416168213e-01
3.374093472957611084e-01 3.356596231460571289e-01
3.270792961120605469e-01 3.258565962314605713e-01
3.358668088912963867e-01 3.369070589542388916e-01
3.366353511810302734e-01 3.387691080570220947e-01
3.251908123493194580e-01 3.259707689285278320e-01
3.107259273529052734e-01 3.112966120243072510e-01
3.042915761470794678e-01 3.047872483730316162e-01
2.983825504779815674e-01 2.991127073764801025e-01
2.988904714584350586e-01 3.001860976219177246e-01
3.033961355686187744e-01 3.039288222789764404e-01
3.021321594715118408e-01 3.021507561206817627e-01
2.897571027278900146e-01 2.897766232490539551e-01
2.799377143383026123e-01 2.795788049697875977e-01
2.796238660812377930e-01 2.787370979785919189e-01
2.827723026275634766e-01 2.822788953781127930e-01
2.860987484455108643e-01 2.859388291835784912e-01
2.879786491394042969e-01 2.877844274044036865e-01
2.898333668708801270e-01 2.900376021862030029e-01
2.860374748706817627e-01 2.872298955917358398e-01
2.768980860710144043e-01 2.774918973445892334e-01
2.704516053199768066e-01 2.706817090511322021e-01
2.693998217582702637e-01 2.698459625244140625e-01
2.719514966011047363e-01 2.725752592086791992e-01
2.730501890182495117e-01 2.756976485252380371e-01
2.827824652194976807e-01 2.846869826316833496e-01
2.836528420448303223e-01 2.834968566894531250e-01
2.725123167037963867e-01 2.719397246837615967e-01
2.731019556522369385e-01 2.729251384735107422e-01
2.822267115116119385e-01 2.829669117927551270e-01
2.930184006690979004e-01 2.937125861644744873e-01
2.973424196243286133e-01 2.979411780834197998e-01
3.040139973163604736e-01 3.049686849117279053e-01
3.056859672069549561e-01 3.062344789505004883e-01
2.922081053256988525e-01 2.919151484966278076e-01
2.918495833873748779e-01 2.914411425590515137e-01
3.044226467609405518e-01 3.042958378791809082e-01
3.020992875099182129e-01 3.018375635147094727e-01
3.018924295902252197e-01 3.016639351844787598e-01
3.006405830383300781e-01 2.999241352081298828e-01
2.913190126419067383e-01 2.902808189392089844e-01
2.903549373149871826e-01 2.899374365806579590e-01
2.822139859199523926e-01 2.817548215389251709e-01
2.695953547954559326e-01 2.691945433616638184e-01
2.772110104560852051e-01 2.761287987232208252e-01
2.808433175086975098e-01 2.792309522628784180e-01
2.712727189064025879e-01 2.708801031112670898e-01
2.761881947517395020e-01 2.763819694519042969e-01
2.804191410541534424e-01 2.805293202400207520e-01
2.778311073780059814e-01 2.764179408550262451e-01
2.763193845748901367e-01 2.733440399169921875e-01
2.771647870540618896e-01 2.761541008949279785e-01
2.789196074008941650e-01 2.794765233993530273e-01
2.815605700016021729e-01 2.821281552314758301e-01
2.817040681838989258e-01 2.825401723384857178e-01
2.875114083290100098e-01 2.893714904785156250e-01
2.779190540313720703e-01 2.787438333034515381e-01
2.617097198963165283e-01 2.611360251903533936e-01
2.605796754360198975e-01 2.598040997982025146e-01
2.582377195358276367e-01 2.576892971992492676e-01
2.585212290287017822e-01 2.574330866336822510e-01
2.605198919773101807e-01 2.599186003208160400e-01
2.553286850452423096e-01 2.557182908058166504e-01
2.431947886943817139e-01 2.438775449991226196e-01
2.404645532369613647e-01 2.405385375022888184e-01
2.445760071277618408e-01 2.436703145503997803e-01
2.377712726593017578e-01 2.371638268232345581e-01
2.267632037401199341e-01 2.264304459095001221e-01
2.195946723222732544e-01 2.190215438604354858e-01
2.161477506160736084e-01 2.159095704555511475e-01
2.164964526891708374e-01 2.164698988199234009e-01
2.134123891592025757e-01 2.133469879627227783e-01
2.122320830821990967e-01 2.120489627122879028e-01
2.090116739273071289e-01 2.088019698858261108e-01
2.039730399847030640e-01 2.039818316698074341e-01
2.004696428775787354e-01 2.013752609491348267e-01
2.003876864910125732e-01 2.013226449489593506e-01
2.001163661479949951e-01 1.998721361160278320e-01
1.981048882007598877e-01 1.969921588897705078e-01
1.949562132358551025e-01 1.944614499807357788e-01
1.928054541349411011e-01 1.934704184532165527e-01
1.927213370800018311e-01 1.936060637235641479e-01
1.897060275077819824e-01 1.896384209394454956e-01
1.862201392650604248e-01 1.850594580173492432e-01
1.858860999345779419e-01 1.852227151393890381e-01
1.835996806621551514e-01 1.834817081689834595e-01
1.801597923040390015e-01 1.800005286931991577e-01
1.813554614782333374e-01 1.815432459115982056e-01
1.883048117160797119e-01 1.891500055789947510e-01
1.845841258764266968e-01 1.852176189422607422e-01
1.765440851449966431e-01 1.765438765287399292e-01
1.727034002542495728e-01 1.726281195878982544e-01
1.727041453123092651e-01 1.725172400474548340e-01
1.774594038724899292e-01 1.763694286346435547e-01
1.763771772384643555e-01 1.754411756992340088e-01
1.726922094821929932e-01 1.731349527835845947e-01
1.806810796260833740e-01 1.817113459110260010e-01
1.905979663133621216e-01 1.912375539541244507e-01
1.803917884826660156e-01 1.816757768392562866e-01
1.767034530639648438e-01 1.781210154294967651e-01
1.734841763973236084e-01 1.734110563993453979e-01
1.678662598133087158e-01 1.666266769170761108e-01
1.671646535396575928e-01 1.665718853473663330e-01
1.646057069301605225e-01 1.652657687664031982e-01
1.680328398942947388e-01 1.689729839563369751e-01
1.700230538845062256e-01 1.700684875249862671e-01
1.651961356401443481e-01 1.648300439119338989e-01
1.637986302375793457e-01 1.633699238300323486e-01
1.656102687120437622e-01 1.638815253973007202e-01
1.660031676292419434e-01 1.633317470550537109e-01
1.638505607843399048e-01 1.630491763353347778e-01
1.596013605594635010e-01 1.604744791984558105e-01
1.574474573135375977e-01 1.580946147441864014e-01
1.616432517766952515e-01 1.608867347240447998e-01
1.682660728693008423e-01 1.668193936347961426e-01
1.675900518894195557e-01 1.668911278247833252e-01
1.607444882392883301e-01 1.599077582359313965e-01
1.530916392803192139e-01 1.522757709026336670e-01
1.490550488233566284e-01 1.492875069379806519e-01
1.484229564666748047e-01 1.493733674287796021e-01
1.489560008049011230e-01 1.494050920009613037e-01
1.469999700784683228e-01 1.471588462591171265e-01
1.436391919851303101e-01 1.438403427600860596e-01
1.416281163692474365e-01 1.417746543884277344e-01
1.405955851078033447e-01 1.409400254487991333e-01
1.409638822078704834e-01 1.411243230104446411e-01
1.406152844429016113e-01 1.403825134038925171e-01
1.398067623376846313e-01 1.394035667181015015e-01
1.384555101394653320e-01 1.386079192161560059e-01
1.367750763893127441e-01 1.376246958971023560e-01
1.378538459539413452e-01 1.384321302175521851e-01
1.363643854856491089e-01 1.363262981176376343e-01
1.318396031856536865e-01 1.317633390426635742e-01
1.285557150840759277e-01 1.283455789089202881e-01
1.255240738391876221e-01 1.246217191219329834e-01
1.228268519043922424e-01 1.220788881182670593e-01
1.196325644850730896e-01 1.195838674902915955e-01
1.179025843739509583e-01 1.179776042699813843e-01
1.157869026064872742e-01 1.156982555985450745e-01
1.139699742197990417e-01 1.129225045442581177e-01
1.123533919453620911e-01 1.112207621335983276e-01
1.079721227288246155e-01 1.082165166735649109e-01
1.042622253298759460e-01 1.055673286318778992e-01
1.015525385737419128e-01 1.021276861429214478e-01
9.826924651861190796e-02 9.861352294683456421e-02
9.817675501108169556e-02 9.863208234310150146e-02
9.716907143592834473e-02 9.628034383058547974e-02
9.502786397933959961e-02 9.189698845148086548e-02
8.806902170181274414e-02 8.600593358278274536e-02
7.859602570533752441e-02 7.883603870868682861e-02
7.330367714166641235e-02 7.409273087978363037e-02
6.947471201419830322e-02 6.961122155189514160e-02
6.460657715797424316e-02 6.441051512956619263e-02
6.074656918644905090e-02 6.059647351503372192e-02
5.828199163079261780e-02 5.800471454858779907e-02
5.637726932764053345e-02 5.581122636795043945e-02
5.440128967165946960e-02 5.422770604491233826e-02
5.166342109441757202e-02 5.172678455710411072e-02
4.977304860949516296e-02 4.999405518174171448e-02
5.833170562982559204e-02 3.979119285941123962e-02
7.125086337327957153e-02 0.000000000000000000e+00
