5.992414355278015137e-01 0.000000000000000000e+00
4.840131998062133789e-01 3.125941753387451172e-01
6.872813105583190918e-01 6.851432919502258301e-01
1.229932188987731934e+00 1.229152441024780273e+00
1.567965865135192871e+00 1.568043351173400879e+00
1.668330788612365723e+00 1.668544292449951172e+00
1.753282666206359863e+00 1.753398895263671875e+00
1.754013895988464355e+00 1.754342317581176758e+00
1.617227911949157715e+00 1.617555022239685059e+00
1.447139978408813477e+00 1.447177171707153320e+00
1.330762863159179688e+00 1.330884099006652832e+00
1.313557028770446777e+00 1.313465476036071777e+00
1.346912026405334473e+00 1.346509814262390137e+00
1.371469855308532715e+00 1.370838403701782227e+00
1.364454627037048340e+00 1.365130186080932617e+00
1.307316184043884277e+00 1.310977101325988770e+00
1.218821048736572266e+00 1.222027540206909180e+00
1.130972504615783691e+00 1.131712436676025391e+00
1.055157899856567383e+00 1.055653691291809082e+00
9.759361147880554199e-01 9.761947393417358398e-01
8.986385464668273926e-01 8.986757993698120117e-01
8.278194665908813477e-01 8.278502821922302246e-01
7.597315907478332520e-01 7.597884535789489746e-01
6.966754794120788574e-01 6.969863176345825195e-01
6.351296901702880859e-01 6.355104446411132812e-01
5.758744478225708008e-01 5.781641006469726562e-01
5.278044939041137695e-01 5.307313203811645508e-01
4.959433078765869141e-01 4.968074262142181396e-01
4.716592431068420410e-01 4.725758731365203857e-01
4.511594176292419434e-01 4.514532089233398438e-01
4.336576759815216064e-01 4.313163757324218750e-01
4.179983139038085938e-01 4.144945442676544189e-01
4.047451913356781006e-01 4.034973084926605225e-01
3.950617313385009766e-01 3.938130140304565430e-01
3.864315450191497803e-01 3.855011165142059326e-01
3.797068297863006592e-01 3.792780041694641113e-01
3.749138116836547852e-01 3.742792308330535889e-01
3.656796813011169434e-01 3.656421899795532227e-01
3.527953624725341797e-01 3.534468412399291992e-01
3.414270281791687012e-01 3.420369923114776611e-01
3.288799226284027100e-01 3.288156688213348389e-01
3.173744678497314453e-01 3.168111145496368408e-01
3.081997036933898926e-01 3.080339431762695312e-01
3.028586208820343018e-01 3.027499020099639893e-01
3.000541031360626221e-01 2.998887002468109131e-01
2.981319427490234375e-01 2.979785501956939697e-01
2.964165210723876953e-01 2.962613403797149658e-01
2.940859496593475342e-01 2.939119338989257812e-01
2.927830815315246582e-01 2.924374639987945557e-01
2.898449599742889404e-01 2.894363105297088623e-01
2.842441499233245850e-01 2.844464778900146484e-01
2.766643464565277100e-01 2.774136364459991455e-01
2.670497000217437744e-01 2.675994038581848145e-01
2.598949968814849854e-01 2.608110010623931885e-01
2.542519569396972656e-01 2.556318640708923340e-01
2.467550635337829590e-01 2.469047307968139648e-01
2.382145524024963379e-01 2.369876056909561157e-01
2.290587574243545532e-01 2.281340062618255615e-01
2.205574959516525269e-01 2.207676321268081665e-01
2.133382707834243774e-01 2.139114588499069214e-01
2.070759087800979614e-01 2.071758508682250977e-01
1.998295783996582031e-01 1.994096785783767700e-01
1.917025297880172729e-01 1.913162469863891602e-01
1.855357885360717773e-01 1.848461478948593140e-01
1.807771474123001099e-01 1.792525798082351685e-01
1.746857911348342896e-01 1.739670038223266602e-01
1.686743199825286865e-01 1.682655811309814453e-01
1.639816164970397949e-01 1.635302603244781494e-01
1.608061790466308594e-01 1.608325839042663574e-01
1.588237136602401733e-01 1.591522246599197388e-01
1.571723073720932007e-01 1.573115885257720947e-01
1.564500480890274048e-01 1.561499983072280884e-01
1.567413359880447388e-01 1.563379764556884766e-01
1.571578383445739746e-01 1.569236963987350464e-01
1.577522903680801392e-01 1.572832763195037842e-01
1.584289819002151489e-01 1.581434905529022217e-01
1.588540077209472656e-01 1.590986698865890503e-01
1.591749638319015503e-01 1.596070677042007446e-01
1.594978719949722290e-01 1.598477363586425781e-01
1.587342023849487305e-01 1.599564701318740845e-01
1.574770212173461914e-01 1.584630310535430908e-01
1.560585796833038330e-01 1.564361900091171265e-01
1.539661735296249390e-01 1.546568721532821655e-01
1.513230502605438232e-01 1.514328718185424805e-01
1.481472551822662354e-01 1.475008875131607056e-01
1.452231258153915405e-01 1.445710361003875732e-01
1.419351994991302490e-01 1.418187469244003296e-01
1.384143531322479248e-01 1.384927630424499512e-01
1.350392997264862061e-01 1.350423097610473633e-01
1.325348913669586182e-01 1.325521618127822876e-01
1.309478580951690674e-01 1.309731602668762207e-01
1.300126761198043823e-01 1.299808174371719360e-01
1.298434883356094360e-01 1.297320574522018433e-01
1.295598447322845459e-01 1.295458674430847168e-01
1.289291381835937500e-01 1.292244195938110352e-01
1.280872821807861328e-01 1.284993886947631836e-01
1.275838464498519897e-01 1.278012692928314209e-01
1.273031681776046753e-01 1.276566088199615479e-01
1.278227716684341431e-01 1.280593574047088623e-01
1.285038590431213379e-01 1.287425756454467773e-01
1.279630213975906372e-01 1.284066885709762573e-01
1.271043717861175537e-01 1.273454725742340088e-01
1.259786933660507202e-01 1.265825778245925903e-01
1.254552304744720459e-01 1.259716004133224487e-01
1.251077204942703247e-01 1.257109940052032471e-01
1.243920028209686279e-01 1.256467401981353760e-01
1.242849901318550110e-01 1.246737167239189148e-01
1.244115382432937622e-01 1.237678527832031250e-01
1.241090446710586548e-01 1.234513148665428162e-01
1.228540390729904175e-01 1.230949163436889648e-01
1.215755715966224670e-01 1.224874630570411682e-01
1.211668401956558228e-01 1.216427981853485107e-01
1.201469674706459045e-01 1.207340881228446960e-01
1.191504374146461487e-01 1.198887154459953308e-01
1.189893633127212524e-01 1.192554458975791931e-01
1.181038096547126770e-01 1.184633672237396240e-01
1.169305294752120972e-01 1.171653866767883301e-01
1.165170669555664062e-01 1.167002096772193909e-01
1.162088662385940552e-01 1.164687722921371460e-01
1.154310032725334167e-01 1.153938546776771545e-01
1.139989271759986877e-01 1.136511564254760742e-01
1.129919514060020447e-01 1.127250418066978455e-01
1.121021658182144165e-01 1.119899079203605652e-01
1.115698292851448059e-01 1.114204674959182739e-01
1.108221411705017090e-01 1.107265651226043701e-01
1.097492501139640808e-01 1.095026805996894836e-01
1.092658340930938721e-01 1.090401783585548401e-01
1.090459823608398438e-01 1.090532690286636353e-01
1.084717512130737305e-01 1.085977703332901001e-01
1.078410968184471130e-01 1.079335361719131470e-01
1.077166870236396790e-01 1.079006269574165344e-01
1.071270778775215149e-01 1.073289513587951660e-01
1.067184358835220337e-01 1.069596335291862488e-01
1.065824106335639954e-01 1.071887984871864319e-01
1.065440326929092407e-01 1.067697554826736450e-01
1.067280843853950500e-01 1.060752943158149719e-01
1.069187000393867493e-01 1.060662791132926941e-01
1.067234799265861511e-01 1.060173362493515015e-01
1.076281294226646423e-01 1.054934486746788025e-01
1.076252534985542297e-01 1.062988415360450745e-01
1.064317971467971802e-01 1.068431511521339417e-01
1.055785492062568665e-01 1.063700690865516663e-01
1.053464189171791077e-01 1.056328341364860535e-01
1.050673425197601318e-01 1.053579449653625488e-01
1.052946671843528748e-01 1.055535674095153809e-01
1.053006127476692200e-01 1.056775450706481934e-01
1.043663397431373596e-01 1.051064655184745789e-01
1.039953827857971191e-01 1.042226031422615051e-01
1.042634919285774231e-01 1.039914265275001526e-01
1.043870672583580017e-01 1.041147485375404358e-01
1.034988015890121460e-01 1.039611175656318665e-01
1.025235727429389954e-01 1.040444523096084595e-01
1.031665876507759094e-01 1.037084534764289856e-01
1.036225408315658569e-01 1.029388830065727234e-01
1.033163815736770630e-01 1.024964675307273865e-01
1.024571061134338379e-01 1.023217663168907166e-01
1.020872443914413452e-01 1.021109968423843384e-01
1.018714308738708496e-01 1.018000468611717224e-01
1.016618758440017700e-01 1.014654338359832764e-01
1.018258258700370789e-01 1.016100794076919556e-01
1.023151949048042297e-01 1.024521812796592712e-01
1.026308014988899231e-01 1.034841015934944153e-01
1.031114608049392700e-01 1.037296801805496216e-01
1.037220954895019531e-01 1.036143377423286438e-01
1.037848144769668579e-01 1.034995168447494507e-01
1.032212153077125549e-01 1.030853837728500366e-01
1.035077646374702454e-01 1.033541858196258545e-01
1.037297397851943970e-01 1.035787835717201233e-01
1.029060706496238708e-01 1.034370735287666321e-01
1.017641127109527588e-01 1.030871123075485229e-01
1.013561934232711792e-01 1.019298285245895386e-01
1.008473262190818787e-01 1.015428751707077026e-01
1.007938981056213379e-01 1.015310809016227722e-01
1.011624261736869812e-01 1.010593995451927185e-01
1.010310426354408264e-01 1.003685966134071350e-01
1.003171876072883606e-01 1.000471860170364380e-01
9.961369633674621582e-02 9.948023408651351929e-02
9.942737966775894165e-02 9.921651333570480347e-02
9.910870343446731567e-02 9.913343191146850586e-02
9.873357415199279785e-02 9.867559373378753662e-02
9.895619750022888184e-02 9.900932759046554565e-02
9.833899885416030884e-02 9.936317801475524902e-02
9.714833647012710571e-02 9.876108169555664062e-02
9.707373380661010742e-02 9.748531132936477661e-02
9.702689945697784424e-02 9.716846048831939697e-02
9.724447876214981079e-02 9.733182936906814575e-02
9.708331525325775146e-02 9.724765270948410034e-02
9.665078669786453247e-02 9.701924026012420654e-02
9.670212864875793457e-02 9.692579507827758789e-02
9.644272923469543457e-02 9.703823179006576538e-02
9.595382213592529297e-02 9.649094194173812866e-02
9.530012309551239014e-02 9.526587277650833130e-02
9.459254890680313110e-02 9.457331150770187378e-02
9.383011609315872192e-02 9.370706975460052490e-02
9.321612119674682617e-02 9.306281805038452148e-02
9.309604018926620483e-02 9.296036511659622192e-02
9.269263595342636108e-02 9.246135503053665161e-02
9.245852380990982056e-02 9.173104166984558105e-02
9.220216423273086548e-02 9.184557199478149414e-02
9.209941327571868896e-02 9.166323393583297729e-02
9.227645397186279297e-02 9.159804135560989380e-02
9.200917929410934448e-02 9.204808622598648071e-02
9.160380810499191284e-02 9.220443665981292725e-02
9.152812510728836060e-02 9.187929332256317139e-02
9.108631312847137451e-02 9.091516584157943726e-02
9.041379392147064209e-02 9.016349911689758301e-02
9.038548171520233154e-02 9.038270264863967896e-02
9.028045833110809326e-02 9.081627428531646729e-02
8.989056199789047241e-02 9.032609313726425171e-02
8.991053700447082520e-02 9.008698165416717529e-02
9.001931548118591309e-02 9.024698287248611450e-02
9.026201814413070679e-02 9.045933932065963745e-02
8.993668854236602783e-02 9.043968468904495239e-02
8.919338136911392212e-02 8.967886865139007568e-02
8.899793028831481934e-02 8.930745720863342285e-02
8.867690712213516235e-02 8.927265554666519165e-02
8.849084377288818359e-02 8.869580924510955811e-02
8.893627673387527466e-02 8.853410929441452026e-02
8.912488073110580444e-02 8.864606916904449463e-02
8.829347044229507446e-02 8.826965838670730591e-02
8.740342408418655396e-02 8.781924098730087280e-02
8.735337108373641968e-02 8.756979554891586304e-02
8.705071359872817993e-02 8.732680231332778931e-02
8.614559471607208252e-02 8.657240867614746094e-02
8.572967350482940674e-02 8.578381687402725220e-02
8.466237783432006836e-02 8.486981689929962158e-02
8.317086845636367798e-02 8.331506699323654175e-02
8.225499093532562256e-02 8.231341093778610229e-02
8.116337656974792480e-02 8.120295405387878418e-02
7.986166328191757202e-02 7.981684803962707520e-02
7.911877334117889404e-02 7.823971658945083618e-02
7.755770534276962280e-02 7.678343355655670166e-02
7.514918595552444458e-02 7.520522922277450562e-02
7.316563278436660767e-02 7.349652796983718872e-02
7.180917263031005859e-02 7.186456024646759033e-02
7.066948711872100830e-02 7.016808539628982544e-02
6.888987869024276733e-02 6.838209182024002075e-02
6.678201258182525635e-02 6.649606674909591675e-02
6.526082009077072144e-02 6.457300484180450439e-02
6.304497271776199341e-02 6.268016993999481201e-02
6.099122390151023865e-02 6.010321900248527527e-02
5.928568169474601746e-02 5.807970836758613586e-02
5.663441866636276245e-02 5.651814118027687073e-02
5.397591367363929749e-02 5.446106940507888794e-02
5.175544321537017822e-02 5.196670815348625183e-02
4.955647885799407959e-02 4.912444576621055603e-02
4.715526476502418518e-02 4.648511484265327454e-02
4.488055035471916199e-02 4.460101574659347534e-02
4.304057359695434570e-02 4.269689321517944336e-02
4.093069583177566528e-02 4.064761102199554443e-02
3.912859410047531128e-02 3.902448341250419617e-02
3.777357563376426697e-02 3.767510876059532166e-02
3.669906407594680786e-02 3.661920875310897827e-02
3.566079959273338318e-02 3.577350452542304993e-02
3.483451530337333679e-02 3.508249670267105103e-02
4.014346748590469360e-02 2.788347192108631134e-02
4.853650927543640137e-02 0.000000000000000000e+00
