1.229194998741149902e+00 0.000000000000000000e+00
1.036751627922058105e+00 7.412295937538146973e-01
9.814481735229492188e-01 9.804891943931579590e-01
1.052211046218872070e+00 1.049746513366699219e+00
1.088952660560607910e+00 1.089017748832702637e+00
1.009113788604736328e+00 1.010605692863464355e+00
9.386672973632812500e-01 9.392905831336975098e-01
9.147943854331970215e-01 9.158954620361328125e-01
8.920016884803771973e-01 8.938196301460266113e-01
8.941596746444702148e-01 8.936630487442016602e-01
8.719288110733032227e-01 8.687332272529602051e-01
8.270635604858398438e-01 8.248267173767089844e-01
8.029907345771789551e-01 8.016871213912963867e-01
7.546206116676330566e-01 7.525658607482910156e-01
7.036867141723632812e-01 7.029194235801696777e-01
6.675679683685302734e-01 6.673849225044250488e-01
6.519564986228942871e-01 6.518430709838867188e-01
6.333501935005187988e-01 6.331730484962463379e-01
6.279736757278442383e-01 6.275688409805297852e-01
6.336238980293273926e-01 6.332010030746459961e-01
6.126485466957092285e-01 6.105195879936218262e-01
6.195839047431945801e-01 6.175457835197448730e-01
6.284795403480529785e-01 6.284780502319335938e-01
6.287282705307006836e-01 6.291765570640563965e-01
6.129433512687683105e-01 6.129823327064514160e-01
5.905857086181640625e-01 5.881301164627075195e-01
5.650632977485656738e-01 5.619741082191467285e-01
5.335667133331298828e-01 5.339140892028808594e-01
5.276117920875549316e-01 5.306196212768554688e-01
5.196690559387207031e-01 5.213058590888977051e-01
5.148726701736450195e-01 5.143098235130310059e-01
5.090661644935607910e-01 5.081415772438049316e-01
5.104002952575683594e-01 5.103896856307983398e-01
5.111300349235534668e-01 5.122007727622985840e-01
5.181102156639099121e-01 5.187614560127258301e-01
5.046933889389038086e-01 5.038331747055053711e-01
4.986367523670196533e-01 4.970048666000366211e-01
5.146495699882507324e-01 5.146191120147705078e-01
5.054858922958374023e-01 5.077869892120361328e-01
4.603715837001800537e-01 4.625037610530853271e-01
4.413354396820068359e-01 4.402980804443359375e-01
4.254100620746612549e-01 4.225768744945526123e-01
4.487097561359405518e-01 4.475131928920745850e-01
4.379307925701141357e-01 4.372599720954895020e-01
4.108576476573944092e-01 4.101483225822448730e-01
4.093395769596099854e-01 4.101356565952301025e-01
4.010272324085235596e-01 4.035190045833587646e-01
4.053686857223510742e-01 4.066891372203826904e-01
3.914131522178649902e-01 3.923957943916320801e-01
3.848114907741546631e-01 3.859765827655792236e-01
4.243212044239044189e-01 4.248181581497192383e-01
4.247583150863647461e-01 4.255477488040924072e-01
4.026944637298583984e-01 4.032205343246459961e-01
4.010113477706909180e-01 4.011530876159667969e-01
3.902989625930786133e-01 3.904314637184143066e-01
3.835152089595794678e-01 3.844973742961883545e-01
4.116867482662200928e-01 4.150780737400054932e-01
4.124067723751068115e-01 4.147937893867492676e-01
3.801887929439544678e-01 3.790291547775268555e-01
3.736135661602020264e-01 3.710192441940307617e-01
3.959110677242279053e-01 3.949509561061859131e-01
4.067004024982452393e-01 4.061757028102874756e-01
3.988651633262634277e-01 3.983239531517028809e-01
3.954607844352722168e-01 3.927334249019622803e-01
3.913166821002960205e-01 3.846867978572845459e-01
3.820350468158721924e-01 3.790089786052703857e-01
3.884064257144927979e-01 3.872144520282745361e-01
3.976410329341888428e-01 3.963824510574340820e-01
3.909826278686523438e-01 3.892429769039154053e-01
3.849630057811737061e-01 3.806565105915069580e-01
3.824479579925537109e-01 3.798898160457611084e-01
3.770036101341247559e-01 3.755266368389129639e-01
3.553698360919952393e-01 3.536689877510070801e-01
3.445088565349578857e-01 3.437668085098266602e-01
3.615403473377227783e-01 3.610914349555969238e-01
3.780939877033233643e-01 3.776489496231079102e-01
3.789412379264831543e-01 3.770008683204650879e-01
3.745806813240051270e-01 3.714504837989807129e-01
3.612508475780487061e-01 3.607265651226043701e-01
3.539266288280487061e-01 3.559426665306091309e-01
3.489190340042114258e-01 3.505728542804718018e-01
3.452472090721130371e-01 3.447806537151336670e-01
3.414936065673828125e-01 3.398871719837188721e-01
3.488236069679260254e-01 3.483483791351318359e-01
3.742446303367614746e-01 3.747583329677581787e-01
3.674960136413574219e-01 3.679771125316619873e-01
3.387984335422515869e-01 3.388981819152832031e-01
3.277552127838134766e-01 3.281340599060058594e-01
3.295789062976837158e-01 3.296096622943878174e-01
3.404486179351806641e-01 3.396821320056915283e-01
3.504446148872375488e-01 3.496035933494567871e-01
3.309844434261322021e-01 3.304063975811004639e-01
3.186747133731842041e-01 3.173032104969024658e-01
3.164896368980407715e-01 3.159166574478149414e-01
3.254945874214172363e-01 3.269227445125579834e-01
3.347655534744262695e-01 3.367397189140319824e-01
3.241659700870513916e-01 3.253494799137115479e-01
3.041423559188842773e-01 3.069074749946594238e-01
2.927073538303375244e-01 2.945781350135803223e-01
3.017616271972656250e-01 2.997387647628784180e-01
3.114042878150939941e-01 3.075728118419647217e-01
3.043320178985595703e-01 3.030919432640075684e-01
2.901512980461120605e-01 2.898474335670471191e-01
2.770823240280151367e-01 2.767529189586639404e-01
2.667009532451629639e-01 2.662983834743499756e-01
2.838587164878845215e-01 2.831586003303527832e-01
3.030457198619842529e-01 3.028836548328399658e-01
2.865093648433685303e-01 2.876428067684173584e-01
2.619875967502593994e-01 2.632887959480285645e-01
2.496436238288879395e-01 2.498731017112731934e-01
2.478797733783721924e-01 2.479875385761260986e-01
2.511974275112152100e-01 2.512807846069335938e-01
2.541557550430297852e-01 2.545369565486907959e-01
2.556128799915313721e-01 2.561114430427551270e-01
2.590231597423553467e-01 2.582463324069976807e-01
2.580121755599975586e-01 2.552239000797271729e-01
2.462386041879653931e-01 2.444522082805633545e-01
2.342441082000732422e-01 2.340691834688186646e-01
2.335470765829086304e-01 2.334650456905364990e-01
2.397752553224563599e-01 2.397952377796173096e-01
2.403644472360610962e-01 2.408769279718399048e-01
2.509516477584838867e-01 2.512837052345275879e-01
2.511094510555267334e-01 2.510610520839691162e-01
2.388626188039779663e-01 2.387679964303970337e-01
2.455126494169235229e-01 2.457740604877471924e-01
2.568746209144592285e-01 2.579510211944580078e-01
2.605215609073638916e-01 2.615126669406890869e-01
2.548615634441375732e-01 2.534515857696533203e-01
2.516912817955017090e-01 2.473599314689636230e-01
2.480553984642028809e-01 2.463642060756683350e-01
2.445065528154373169e-01 2.443583607673645020e-01
2.493101209402084351e-01 2.491650432348251343e-01
2.537302970886230469e-01 2.543169558048248291e-01
2.646050155162811279e-01 2.662199735641479492e-01
2.779133915901184082e-01 2.788635194301605225e-01
2.605725228786468506e-01 2.619667351245880127e-01
2.440402209758758545e-01 2.460443079471588135e-01
2.442810684442520142e-01 2.450899928808212280e-01
2.435900419950485229e-01 2.452907562255859375e-01
2.397119998931884766e-01 2.407738864421844482e-01
2.499649077653884888e-01 2.500124871730804443e-01
2.601937055587768555e-01 2.602218985557556152e-01
2.648161053657531738e-01 2.645326554775238037e-01
2.600899934768676758e-01 2.587673962116241455e-01
2.558302879333496094e-01 2.547626197338104248e-01
2.557784318923950195e-01 2.555654942989349365e-01
2.557795047760009766e-01 2.556611597537994385e-01
2.582465410232543945e-01 2.584643661975860596e-01
2.588428556919097900e-01 2.609761655330657959e-01
2.601305246353149414e-01 2.622037231922149658e-01
2.632809579372406006e-01 2.645916938781738281e-01
2.633450329303741455e-01 2.661276459693908691e-01
2.541551887989044189e-01 2.553664445877075195e-01
2.507145106792449951e-01 2.500818669795989990e-01
2.446424216032028198e-01 2.438395172357559204e-01
2.341838479042053223e-01 2.339276969432830811e-01
2.292272746562957764e-01 2.289219647645950317e-01
2.226494252681732178e-01 2.224640697240829468e-01
2.189376950263977051e-01 2.191034704446792603e-01
2.254856228828430176e-01 2.257033586502075195e-01
2.216920107603073120e-01 2.216189652681350708e-01
2.110446691513061523e-01 2.107833921909332275e-01
2.024373412132263184e-01 2.022186815738677979e-01
1.978464871644973755e-01 1.977662891149520874e-01
1.907639056444168091e-01 1.907884031534194946e-01
1.867565810680389404e-01 1.866793930530548096e-01
1.901287734508514404e-01 1.895108819007873535e-01
1.882334202527999878e-01 1.876996159553527832e-01
1.840500831604003906e-01 1.843485683202743530e-01
1.781857013702392578e-01 1.789608150720596313e-01
1.721007227897644043e-01 1.722942292690277100e-01
1.739134639501571655e-01 1.733548492193222046e-01
1.782435327768325806e-01 1.776940673589706421e-01
1.713912785053253174e-01 1.715438216924667358e-01
1.617990434169769287e-01 1.625912040472030640e-01
1.573663651943206787e-01 1.576996892690658569e-01
1.583787649869918823e-01 1.576776206493377686e-01
1.579291820526123047e-01 1.570071578025817871e-01
1.563099622726440430e-01 1.562260985374450684e-01
1.545288413763046265e-01 1.550480276346206665e-01
1.506863683462142944e-01 1.510008424520492554e-01
1.474757641553878784e-01 1.477453708648681641e-01
1.463649570941925049e-01 1.467964053153991699e-01
1.453942805528640747e-01 1.452060192823410034e-01
1.443728655576705933e-01 1.429311037063598633e-01
1.443506181240081787e-01 1.433005183935165405e-01
1.446304172277450562e-01 1.440987884998321533e-01
1.414941847324371338e-01 1.405334025621414185e-01
1.382988393306732178e-01 1.380245238542556763e-01
1.370516121387481689e-01 1.371289044618606567e-01
1.368330568075180054e-01 1.373906135559082031e-01
1.362952888011932373e-01 1.480583101511001587e-01
1.334414929151535034e-01 1.593253165483474731e-01
1.323046684265136719e-01 1.441990286111831665e-01
1.321628242731094360e-01 1.316895633935928345e-01
1.319253146648406982e-01 1.308199465274810791e-01
1.281376183032989502e-01 1.282344162464141846e-01
1.253655850887298584e-01 1.263512223958969116e-01
1.275389045476913452e-01 1.279767751693725586e-01
1.295279264450073242e-01 1.291004270315170288e-01
1.279930174350738525e-01 1.273982375860214233e-01
1.289471834897994995e-01 1.292811185121536255e-01
1.329817324876785278e-01 1.347319781780242920e-01
1.343258768320083618e-01 1.353808939456939697e-01
1.326754689216613770e-01 1.320263296365737915e-01
1.288767009973526001e-01 1.276288926601409912e-01
1.216226667165756226e-01 1.212639138102531433e-01
1.167217046022415161e-01 1.169273704290390015e-01
1.151641905307769775e-01 1.153216511011123657e-01
1.151015833020210266e-01 1.153415590524673462e-01
1.141751408576965332e-01 1.147206872701644897e-01
1.136563941836357117e-01 1.137910559773445129e-01
1.143826693296432495e-01 1.141407266259193420e-01
1.138050705194473267e-01 1.135527119040489197e-01
1.132924556732177734e-01 1.133286505937576294e-01
1.134218797087669373e-01 1.136504188179969788e-01
1.120221018791198730e-01 1.121007949113845825e-01
1.110237613320350647e-01 1.107728779315948486e-01
1.087827757000923157e-01 1.084950119256973267e-01
1.056728884577751160e-01 1.058508008718490601e-01
1.049325689673423767e-01 1.056477949023246765e-01
1.054241135716438293e-01 1.058083549141883850e-01
1.050258427858352661e-01 1.049849390983581543e-01
1.038510799407958984e-01 1.037530899047851562e-01
1.013995558023452759e-01 1.015992090106010437e-01
1.002825349569320679e-01 1.011524572968482971e-01
9.985212981700897217e-02 1.004723981022834778e-01
9.770610183477401733e-02 9.762403368949890137e-02
9.656218439340591431e-02 9.631057083606719971e-02
9.504987299442291260e-02 9.496457874774932861e-02
9.252526611089706421e-02 9.226004034280776978e-02
9.070455282926559448e-02 9.047043323516845703e-02
9.068737179040908813e-02 9.103901684284210205e-02
9.104898571968078613e-02 9.187047928571701050e-02
9.017698466777801514e-02 9.025207161903381348e-02
8.671683073043823242e-02 8.509916067123413086e-02
8.150358498096466064e-02 7.973879575729370117e-02
7.632257044315338135e-02 7.612352818250656128e-02
7.319908589124679565e-02 7.358206063508987427e-02
7.070538401603698730e-02 7.088731229305267334e-02
6.777413934469223022e-02 6.785200536251068115e-02
6.659916788339614868e-02 6.669014692306518555e-02
6.360384076833724976e-02 6.372377276420593262e-02
5.781975388526916504e-02 5.814019218087196350e-02
5.450777336955070496e-02 5.466840043663978577e-02
5.432748794555664062e-02 5.392763763666152954e-02
5.145953595638275146e-02 5.078677088022232056e-02
4.633684828877449036e-02 4.649614170193672180e-02
4.438640922307968140e-02 4.596069827675819397e-02
5.168399587273597717e-02 5.269925296306610107e-02
7.021750509738922119e-02 7.026083022356033325e-02
6.276360899209976196e-02 6.275702267885208130e-02
4.018164798617362976e-02 4.013174027204513550e-02
3.445289283990859985e-02 3.433191776275634766e-02
3.321594372391700745e-02 3.321161121129989624e-02
3.819114714860916138e-02 2.631432935595512390e-02
4.638824984431266785e-02 0.000000000000000000e+00
